
 DESCRIPTIVES

 Descriptives                                                                                                                                                                                         
 ──────────────────────────────────────────────────────────────────────────────────────────────────────────────────────────────────────────────────────────────────────────────────────────────────── 
                          age           IQ            SRS_restrictive_repetitive_tscore    SRS_social_communication_tscore    SRS_social_cognition_tscore    attention_deficit_hyperactivity_tscore   
 ──────────────────────────────────────────────────────────────────────────────────────────────────────────────────────────────────────────────────────────────────────────────────────────────────── 
   N                             210           158                                  210                                210                            210                                       210   
   Missing                         0            52                                    0                                  0                              0                                         0   
   Mean                     10.49825      89.27215                             65.90000                           65.04762                       64.79524                                  61.70476   
   Median                   10.15691      90.00000                             66.00000                           64.00000                       65.00000                                  62.00000   
   Standard deviation       3.319622      21.11830                             15.92340                           14.90761                       14.99860                                  8.683068   
   Range                    12.78329           102                                   49                                 52                             51                                        30   
   Minimum                  5.185596            30                                   41                                 38                             39                                        50   
   Maximum                  17.96888           132                                   90                                 90                             90                                        80   
   Skewness                0.4752627    -0.1745389                          -0.03567751                          0.1173074                     0.07264570                                 0.1847391   
   Std. error skewness     0.1678401     0.1930546                            0.1678401                          0.1678401                      0.1678401                                 0.1678401   
   Kurtosis               -0.7487287    -0.5545209                            -1.294002                          -1.129286                      -1.176772                                 -1.062787   
   Std. error kurtosis     0.3341456     0.3837947                            0.3341456                          0.3341456                      0.3341456                                 0.3341456   
 ──────────────────────────────────────────────────────────────────────────────────────────────────────────────────────────────────────────────────────────────────────────────────────────────────── 

