$participant_id
x <character> 
# total N=210 valid N=210 mean=105.50 sd=60.77

Value                | N | Raw % | Valid % | Cum. %
---------------------------------------------------
BC_82437             | 1 |  0.48 |    0.48 |   0.48
BC_82454             | 1 |  0.48 |    0.48 |   0.95
BC_82473             | 1 |  0.48 |    0.48 |   1.43
BC_82500             | 1 |  0.48 |    0.48 |   1.90
BC_82501             | 1 |  0.48 |    0.48 |   2.38
BC_82520             | 1 |  0.48 |    0.48 |   2.86
BC_82533             | 1 |  0.48 |    0.48 |   3.33
BC_82542             | 1 |  0.48 |    0.48 |   3.81
BC_82563             | 1 |  0.48 |    0.48 |   4.29
BC_82570             | 1 |  0.48 |    0.48 |   4.76
BC_82575             | 1 |  0.48 |    0.48 |   5.24
BC_82595             | 1 |  0.48 |    0.48 |   5.71
BC_82633             | 1 |  0.48 |    0.48 |   6.19
BC_82635             | 1 |  0.48 |    0.48 |   6.67
BC_82636             | 1 |  0.48 |    0.48 |   7.14
BC_82639             | 1 |  0.48 |    0.48 |   7.62
BC_82646             | 1 |  0.48 |    0.48 |   8.10
BC_82652             | 1 |  0.48 |    0.48 |   8.57
BC_82653             | 1 |  0.48 |    0.48 |   9.05
BC_82654             | 1 |  0.48 |    0.48 |   9.52
BC_82665             | 1 |  0.48 |    0.48 |  10.00
BC_82676             | 1 |  0.48 |    0.48 |  10.48
BC_82684             | 1 |  0.48 |    0.48 |  10.95
BC_82687             | 1 |  0.48 |    0.48 |  11.43
BC_82689             | 1 |  0.48 |    0.48 |  11.90
BC_82697             | 1 |  0.48 |    0.48 |  12.38
BC_82700             | 1 |  0.48 |    0.48 |  12.86
BC_82706             | 1 |  0.48 |    0.48 |  13.33
BC_82710             | 1 |  0.48 |    0.48 |  13.81
BC_82732             | 1 |  0.48 |    0.48 |  14.29
BC_82742             | 1 |  0.48 |    0.48 |  14.76
BC_82755             | 1 |  0.48 |    0.48 |  15.24
BC_82759             | 1 |  0.48 |    0.48 |  15.71
BC_82762             | 1 |  0.48 |    0.48 |  16.19
BC_82765             | 1 |  0.48 |    0.48 |  16.67
BC_82782             | 1 |  0.48 |    0.48 |  17.14
BC_82783             | 1 |  0.48 |    0.48 |  17.62
BC_82786             | 1 |  0.48 |    0.48 |  18.10
BC_82788             | 1 |  0.48 |    0.48 |  18.57
BC_82797             | 1 |  0.48 |    0.48 |  19.05
BC_82800             | 1 |  0.48 |    0.48 |  19.52
BC_82802             | 1 |  0.48 |    0.48 |  20.00
BC_82805             | 1 |  0.48 |    0.48 |  20.48
BC_82808             | 1 |  0.48 |    0.48 |  20.95
BC_82809             | 1 |  0.48 |    0.48 |  21.43
BC_82811             | 1 |  0.48 |    0.48 |  21.90
BC_82836             | 1 |  0.48 |    0.48 |  22.38
BC_82838             | 1 |  0.48 |    0.48 |  22.86
BC_82860             | 1 |  0.48 |    0.48 |  23.33
BC_82864             | 1 |  0.48 |    0.48 |  23.81
BC_82889             | 1 |  0.48 |    0.48 |  24.29
BC_82892             | 1 |  0.48 |    0.48 |  24.76
BC_82893             | 1 |  0.48 |    0.48 |  25.24
BC_82894             | 1 |  0.48 |    0.48 |  25.71
BC_82904             | 1 |  0.48 |    0.48 |  26.19
BC_82908             | 1 |  0.48 |    0.48 |  26.67
BC_82911             | 1 |  0.48 |    0.48 |  27.14
BC_82912             | 1 |  0.48 |    0.48 |  27.62
BC_82923             | 1 |  0.48 |    0.48 |  28.10
BC_82931             | 1 |  0.48 |    0.48 |  28.57
BC_82934             | 1 |  0.48 |    0.48 |  29.05
BC_82942             | 1 |  0.48 |    0.48 |  29.52
BC_82968             | 1 |  0.48 |    0.48 |  30.00
BC_83001             | 1 |  0.48 |    0.48 |  30.48
BC_83004             | 1 |  0.48 |    0.48 |  30.95
BC_83023             | 1 |  0.48 |    0.48 |  31.43
BC_83026             | 1 |  0.48 |    0.48 |  31.90
BC_83031             | 1 |  0.48 |    0.48 |  32.38
BC_83033             | 1 |  0.48 |    0.48 |  32.86
BC_83035             | 1 |  0.48 |    0.48 |  33.33
BC_83037             | 1 |  0.48 |    0.48 |  33.81
BC_83038             | 1 |  0.48 |    0.48 |  34.29
BC_83045             | 1 |  0.48 |    0.48 |  34.76
BC_83046             | 1 |  0.48 |    0.48 |  35.24
BC_83059             | 1 |  0.48 |    0.48 |  35.71
BC_83073             | 1 |  0.48 |    0.48 |  36.19
BC_83090             | 1 |  0.48 |    0.48 |  36.67
BC_83098             | 1 |  0.48 |    0.48 |  37.14
BC_83102             | 1 |  0.48 |    0.48 |  37.62
BC_83104             | 1 |  0.48 |    0.48 |  38.10
BC_83116             | 1 |  0.48 |    0.48 |  38.57
BC_83119             | 1 |  0.48 |    0.48 |  39.05
BC_83123             | 1 |  0.48 |    0.48 |  39.52
BC_83124             | 1 |  0.48 |    0.48 |  40.00
BC_83138             | 1 |  0.48 |    0.48 |  40.48
BC_83140             | 1 |  0.48 |    0.48 |  40.95
BC_83142             | 1 |  0.48 |    0.48 |  41.43
BC_83145             | 1 |  0.48 |    0.48 |  41.90
BC_83146             | 1 |  0.48 |    0.48 |  42.38
BC_83162             | 1 |  0.48 |    0.48 |  42.86
BC_83203             | 1 |  0.48 |    0.48 |  43.33
BC_83210             | 1 |  0.48 |    0.48 |  43.81
BC_83214             | 1 |  0.48 |    0.48 |  44.29
BC_83244             | 1 |  0.48 |    0.48 |  44.76
BC_83249             | 1 |  0.48 |    0.48 |  45.24
BC_83250             | 1 |  0.48 |    0.48 |  45.71
BC_83254             | 1 |  0.48 |    0.48 |  46.19
BC_83257             | 1 |  0.48 |    0.48 |  46.67
Q1K_HSJ_100100_P     | 1 |  0.48 |    0.48 |  47.14
Q1K_HSJ_100104_C1    | 1 |  0.48 |    0.48 |  47.62
Q1K_HSJ_100114_P     | 1 |  0.48 |    0.48 |  48.10
Q1K_HSJ_100114_S2    | 1 |  0.48 |    0.48 |  48.57
Q1K_HSJ_100119_S1    | 1 |  0.48 |    0.48 |  49.05
Q1K_HSJ_100123_P     | 1 |  0.48 |    0.48 |  49.52
Q1K_HSJ_100126_P     | 1 |  0.48 |    0.48 |  50.00
Q1K_HSJ_100128_P     | 1 |  0.48 |    0.48 |  50.48
Q1K_HSJ_100129_P     | 1 |  0.48 |    0.48 |  50.95
Q1K_HSJ_100131_P     | 1 |  0.48 |    0.48 |  51.43
Q1K_HSJ_100131_S1    | 1 |  0.48 |    0.48 |  51.90
Q1K_HSJ_100134_S1    | 1 |  0.48 |    0.48 |  52.38
Q1K_HSJ_100147_P     | 1 |  0.48 |    0.48 |  52.86
Q1K_HSJ_100150_P     | 1 |  0.48 |    0.48 |  53.33
Q1K_HSJ_100152_P     | 1 |  0.48 |    0.48 |  53.81
Q1K_HSJ_100157_P     | 1 |  0.48 |    0.48 |  54.29
Q1K_HSJ_100162_P     | 1 |  0.48 |    0.48 |  54.76
Q1K_HSJ_100162_S1    | 1 |  0.48 |    0.48 |  55.24
Q1K_HSJ_10043_P      | 1 |  0.48 |    0.48 |  55.71
Q1K_HSJ_10050_P      | 1 |  0.48 |    0.48 |  56.19
Q1K_HSJ_10053_P      | 1 |  0.48 |    0.48 |  56.67
Q1K_HSJ_10064_P      | 1 |  0.48 |    0.48 |  57.14
Q1K_HSJ_10064_S1     | 1 |  0.48 |    0.48 |  57.62
Q1K_HSJ_10083_P      | 1 |  0.48 |    0.48 |  58.10
Q1K_HSJ_10086_P      | 1 |  0.48 |    0.48 |  58.57
Q1K_HSJ_1525-1001_P  | 1 |  0.48 |    0.48 |  59.05
Q1K_HSJ_1525-1006_P  | 1 |  0.48 |    0.48 |  59.52
Q1K_HSJ_1525-1009_P  | 1 |  0.48 |    0.48 |  60.00
Q1K_HSJ_1525-1009_S1 | 1 |  0.48 |    0.48 |  60.48
Q1K_HSJ_1525-1012_P  | 1 |  0.48 |    0.48 |  60.95
Q1K_HSJ_1525-1021_P  | 1 |  0.48 |    0.48 |  61.43
Q1K_HSJ_1525-1024_P  | 1 |  0.48 |    0.48 |  61.90
Q1K_HSJ_1525-1026_P  | 1 |  0.48 |    0.48 |  62.38
Q1K_HSJ_1525-1028_P  | 1 |  0.48 |    0.48 |  62.86
Q1K_HSJ_1525-1028_S1 | 1 |  0.48 |    0.48 |  63.33
Q1K_HSJ_1525-1028_S2 | 1 |  0.48 |    0.48 |  63.81
Q1K_HSJ_1525-1033_P  | 1 |  0.48 |    0.48 |  64.29
Q1K_HSJ_1525-1037_P  | 1 |  0.48 |    0.48 |  64.76
Q1K_HSJ_1525-1040_P  | 1 |  0.48 |    0.48 |  65.24
Q1K_HSJ_1525-1042_P  | 1 |  0.48 |    0.48 |  65.71
Q1K_HSJ_1525-1045_P  | 1 |  0.48 |    0.48 |  66.19
Q1K_HSJ_1525-1045_S1 | 1 |  0.48 |    0.48 |  66.67
Q1K_HSJ_1525-1052_P  | 1 |  0.48 |    0.48 |  67.14
Q1K_HSJ_1525-1052_S1 | 1 |  0.48 |    0.48 |  67.62
Q1K_HSJ_1525-1057_P  | 1 |  0.48 |    0.48 |  68.10
Q1K_HSJ_1525-1061_P  | 1 |  0.48 |    0.48 |  68.57
Q1K_HSJ_1525-1061_S3 | 1 |  0.48 |    0.48 |  69.05
Q1K_HSJ_1525-1067_P  | 1 |  0.48 |    0.48 |  69.52
Q1K_HSJ_1525-1078_P  | 1 |  0.48 |    0.48 |  70.00
Q1K_HSJ_1525-1080_P  | 1 |  0.48 |    0.48 |  70.48
Q1K_HSJ_1525-1083_P  | 1 |  0.48 |    0.48 |  70.95
Q1K_HSJ_1525-1083_S1 | 1 |  0.48 |    0.48 |  71.43
Q1K_HSJ_1525-1089_P  | 1 |  0.48 |    0.48 |  71.90
Q1K_HSJ_1525-1089_S1 | 1 |  0.48 |    0.48 |  72.38
Q1K_HSJ_1525-1093_P  | 1 |  0.48 |    0.48 |  72.86
Q1K_HSJ_1525-1093_S1 | 1 |  0.48 |    0.48 |  73.33
Q1K_HSJ_1525-1102_P  | 1 |  0.48 |    0.48 |  73.81
Q1K_HSJ_1525-1102_S1 | 1 |  0.48 |    0.48 |  74.29
Q1K_HSJ_1525-1102_S2 | 1 |  0.48 |    0.48 |  74.76
Q1K_HSJ_1525-1106_P  | 1 |  0.48 |    0.48 |  75.24
Q1K_HSJ_1525-1109_P  | 1 |  0.48 |    0.48 |  75.71
Q1K_HSJ_1525-1112_P  | 1 |  0.48 |    0.48 |  76.19
Q1K_HSJ_1525-1114_P  | 1 |  0.48 |    0.48 |  76.67
Q1K_HSJ_1525-1118_P  | 1 |  0.48 |    0.48 |  77.14
Q1K_HSJ_1525-1121_P  | 1 |  0.48 |    0.48 |  77.62
Q1K_HSJ_1525-1121_S1 | 1 |  0.48 |    0.48 |  78.10
Q1K_HSJ_1525-1130_P  | 1 |  0.48 |    0.48 |  78.57
Q1K_HSJ_1525-1130_S1 | 1 |  0.48 |    0.48 |  79.05
Q1K_HSJ_1525-1130_S2 | 1 |  0.48 |    0.48 |  79.52
Q1K_HSJ_1525-1134_P  | 1 |  0.48 |    0.48 |  80.00
Q1K_HSJ_1525-1134_S1 | 1 |  0.48 |    0.48 |  80.48
Q1K_HSJ_1525-1143_P  | 1 |  0.48 |    0.48 |  80.95
Q1K_HSJ_1525-1143_S1 | 1 |  0.48 |    0.48 |  81.43
Q1K_HSJ_1525-1147_P  | 1 |  0.48 |    0.48 |  81.90
Q1K_HSJ_1525-1147_S1 | 1 |  0.48 |    0.48 |  82.38
Q1K_HSJ_1525-1152_P  | 1 |  0.48 |    0.48 |  82.86
Q1K_HSJ_1525-1156_P  | 1 |  0.48 |    0.48 |  83.33
Q1K_HSJ_1525-1159_P  | 1 |  0.48 |    0.48 |  83.81
Q1K_HSJ_1525-1159_S1 | 1 |  0.48 |    0.48 |  84.29
Q1K_HSJ_1525-1159_S2 | 1 |  0.48 |    0.48 |  84.76
Q1K_HSJ_1525-1162_P  | 1 |  0.48 |    0.48 |  85.24
Q1K_HSJ_1525-1169_P  | 1 |  0.48 |    0.48 |  85.71
Q1K_HSJ_1525-1182_P  | 1 |  0.48 |    0.48 |  86.19
Q1K_HSJ_1525-1187_P  | 1 |  0.48 |    0.48 |  86.67
Q1K_HSJ_1525-1192_P  | 1 |  0.48 |    0.48 |  87.14
Q1K_HSJ_1525-1192_S1 | 1 |  0.48 |    0.48 |  87.62
Q1K_HSJ_1525-1195_P  | 1 |  0.48 |    0.48 |  88.10
Q1K_HSJ_1525-1195_S1 | 1 |  0.48 |    0.48 |  88.57
Q1K_HSJ_1525-1195_S2 | 1 |  0.48 |    0.48 |  89.05
Q1K_HSJ_1525-1200_P  | 1 |  0.48 |    0.48 |  89.52
Q1K_HSJ_1525-1203_P  | 1 |  0.48 |    0.48 |  90.00
Q1K_HSJ_1525-1203_S2 | 1 |  0.48 |    0.48 |  90.48
Q1K_HSJ_1525-1203_S3 | 1 |  0.48 |    0.48 |  90.95
Q1K_HSJ_1525-1209_P  | 1 |  0.48 |    0.48 |  91.43
Q1K_HSJ_1525-1212_P  | 1 |  0.48 |    0.48 |  91.90
Q1K_HSJ_1525-1222_P  | 1 |  0.48 |    0.48 |  92.38
Q1K_HSJ_1525-1222_S1 | 1 |  0.48 |    0.48 |  92.86
Q1K_HSJ_1525-1226_P  | 1 |  0.48 |    0.48 |  93.33
Q1K_HSJ_1525-1230_P  | 1 |  0.48 |    0.48 |  93.81
Q1K_HSJ_1525-1238_P  | 1 |  0.48 |    0.48 |  94.29
Q1K_HSJ_1525-1238_S1 | 1 |  0.48 |    0.48 |  94.76
Q1K_HSJ_1525-1242_P  | 1 |  0.48 |    0.48 |  95.24
Q1K_HSJ_1525-1256_P  | 1 |  0.48 |    0.48 |  95.71
Q1K_HSJ_1525-1256_S1 | 1 |  0.48 |    0.48 |  96.19
Q1K_HSJ_1525-1261_P  | 1 |  0.48 |    0.48 |  96.67
Q1K_HSJ_1525-1264_P  | 1 |  0.48 |    0.48 |  97.14
Q1K_HSJ_1525-1267_P  | 1 |  0.48 |    0.48 |  97.62
Q1K_HSJ_1525-1270_S1 | 1 |  0.48 |    0.48 |  98.10
Q1K_HSJ_1525-1270_S2 | 1 |  0.48 |    0.48 |  98.57
Q1K_HSJ_1525-1277_P  | 1 |  0.48 |    0.48 |  99.05
Q1K_HSJ_1525-1285_P  | 1 |  0.48 |    0.48 |  99.52
Q1K_HSJ_1525-1298_P  | 1 |  0.48 |    0.48 | 100.00
<NA>                 | 0 |  0.00 |    <NA> |   <NA>

$SRS_social_cognition_tscore
x <integer> 
# total N=210 valid N=210 mean=64.80 sd=15.00

Value |  N | Raw % | Valid % | Cum. %
-------------------------------------
   39 |  5 |  2.38 |    2.38 |   2.38
   40 |  1 |  0.48 |    0.48 |   2.86
   41 |  2 |  0.95 |    0.95 |   3.81
   42 |  2 |  0.95 |    0.95 |   4.76
   43 |  3 |  1.43 |    1.43 |   6.19
   44 |  5 |  2.38 |    2.38 |   8.57
   45 |  4 |  1.90 |    1.90 |  10.48
   46 |  8 |  3.81 |    3.81 |  14.29
   47 |  5 |  2.38 |    2.38 |  16.67
   48 |  5 |  2.38 |    2.38 |  19.05
   49 |  5 |  2.38 |    2.38 |  21.43
   50 |  5 |  2.38 |    2.38 |  23.81
   51 |  1 |  0.48 |    0.48 |  24.29
   52 |  1 |  0.48 |    0.48 |  24.76
   53 |  9 |  4.29 |    4.29 |  29.05
   55 |  9 |  4.29 |    4.29 |  33.33
   57 |  9 |  4.29 |    4.29 |  37.62
   59 |  9 |  4.29 |    4.29 |  41.90
   61 |  7 |  3.33 |    3.33 |  45.24
   63 |  9 |  4.29 |    4.29 |  49.52
   65 |  4 |  1.90 |    1.90 |  51.43
   66 |  4 |  1.90 |    1.90 |  53.33
   67 |  5 |  2.38 |    2.38 |  55.71
   68 |  6 |  2.86 |    2.86 |  58.57
   69 |  7 |  3.33 |    3.33 |  61.90
   70 |  3 |  1.43 |    1.43 |  63.33
   71 |  2 |  0.95 |    0.95 |  64.29
   72 |  3 |  1.43 |    1.43 |  65.71
   73 |  2 |  0.95 |    0.95 |  66.67
   74 |  6 |  2.86 |    2.86 |  69.52
   75 |  2 |  0.95 |    0.95 |  70.48
   76 |  6 |  2.86 |    2.86 |  73.33
   77 |  1 |  0.48 |    0.48 |  73.81
   78 |  7 |  3.33 |    3.33 |  77.14
   79 |  6 |  2.86 |    2.86 |  80.00
   80 |  2 |  0.95 |    0.95 |  80.95
   81 |  2 |  0.95 |    0.95 |  81.90
   82 |  2 |  0.95 |    0.95 |  82.86
   83 |  4 |  1.90 |    1.90 |  84.76
   84 |  3 |  1.43 |    1.43 |  86.19
   85 |  5 |  2.38 |    2.38 |  88.57
   86 |  6 |  2.86 |    2.86 |  91.43
   87 |  4 |  1.90 |    1.90 |  93.33
   88 |  2 |  0.95 |    0.95 |  94.29
   90 | 12 |  5.71 |    5.71 | 100.00
 <NA> |  0 |  0.00 |    <NA> |   <NA>

$SRS_social_communication_tscore
x <integer> 
# total N=210 valid N=210 mean=65.05 sd=14.91

Value |  N | Raw % | Valid % | Cum. %
-------------------------------------
   38 |  2 |  0.95 |    0.95 |   0.95
   40 |  2 |  0.95 |    0.95 |   1.90
   41 |  3 |  1.43 |    1.43 |   3.33
   42 |  2 |  0.95 |    0.95 |   4.29
   43 |  4 |  1.90 |    1.90 |   6.19
   44 |  2 |  0.95 |    0.95 |   7.14
   45 |  7 |  3.33 |    3.33 |  10.48
   46 |  4 |  1.90 |    1.90 |  12.38
   47 |  4 |  1.90 |    1.90 |  14.29
   48 |  2 |  0.95 |    0.95 |  15.24
   49 |  7 |  3.33 |    3.33 |  18.57
   50 |  5 |  2.38 |    2.38 |  20.95
   51 |  6 |  2.86 |    2.86 |  23.81
   52 |  6 |  2.86 |    2.86 |  26.67
   53 |  6 |  2.86 |    2.86 |  29.52
   54 |  2 |  0.95 |    0.95 |  30.48
   55 |  5 |  2.38 |    2.38 |  32.86
   56 |  2 |  0.95 |    0.95 |  33.81
   57 |  2 |  0.95 |    0.95 |  34.76
   58 |  3 |  1.43 |    1.43 |  36.19
   59 |  5 |  2.38 |    2.38 |  38.57
   60 |  8 |  3.81 |    3.81 |  42.38
   61 |  1 |  0.48 |    0.48 |  42.86
   62 |  5 |  2.38 |    2.38 |  45.24
   63 |  4 |  1.90 |    1.90 |  47.14
   64 |  7 |  3.33 |    3.33 |  50.48
   65 |  6 |  2.86 |    2.86 |  53.33
   66 |  7 |  3.33 |    3.33 |  56.67
   67 |  4 |  1.90 |    1.90 |  58.57
   68 |  3 |  1.43 |    1.43 |  60.00
   69 |  2 |  0.95 |    0.95 |  60.95
   70 |  3 |  1.43 |    1.43 |  62.38
   71 |  3 |  1.43 |    1.43 |  63.81
   72 |  6 |  2.86 |    2.86 |  66.67
   73 |  5 |  2.38 |    2.38 |  69.05
   74 |  3 |  1.43 |    1.43 |  70.48
   75 |  4 |  1.90 |    1.90 |  72.38
   77 |  2 |  0.95 |    0.95 |  73.33
   78 |  5 |  2.38 |    2.38 |  75.71
   79 |  6 |  2.86 |    2.86 |  78.57
   80 |  1 |  0.48 |    0.48 |  79.05
   81 |  4 |  1.90 |    1.90 |  80.95
   82 |  5 |  2.38 |    2.38 |  83.33
   83 |  4 |  1.90 |    1.90 |  85.24
   84 |  5 |  2.38 |    2.38 |  87.62
   86 |  8 |  3.81 |    3.81 |  91.43
   90 | 18 |  8.57 |    8.57 | 100.00
 <NA> |  0 |  0.00 |    <NA> |   <NA>

$SRS_restrictive_repetitive_tscore
x <integer> 
# total N=210 valid N=210 mean=65.90 sd=15.92

Value |  N | Raw % | Valid % | Cum. %
-------------------------------------
   41 |  6 |  2.86 |    2.86 |   2.86
   42 | 10 |  4.76 |    4.76 |   7.62
   43 |  4 |  1.90 |    1.90 |   9.52
   44 |  6 |  2.86 |    2.86 |  12.38
   45 |  6 |  2.86 |    2.86 |  15.24
   46 |  4 |  1.90 |    1.90 |  17.14
   48 |  9 |  4.29 |    4.29 |  21.43
   50 |  8 |  3.81 |    3.81 |  25.24
   52 |  8 |  3.81 |    3.81 |  29.05
   53 |  3 |  1.43 |    1.43 |  30.48
   54 |  1 |  0.48 |    0.48 |  30.95
   55 |  3 |  1.43 |    1.43 |  32.38
   56 |  2 |  0.95 |    0.95 |  33.33
   57 |  2 |  0.95 |    0.95 |  34.29
   58 |  3 |  1.43 |    1.43 |  35.71
   60 |  1 |  0.48 |    0.48 |  36.19
   61 |  4 |  1.90 |    1.90 |  38.10
   62 | 14 |  6.67 |    6.67 |  44.76
   64 |  8 |  3.81 |    3.81 |  48.57
   66 |  6 |  2.86 |    2.86 |  51.43
   68 |  4 |  1.90 |    1.90 |  53.33
   69 |  4 |  1.90 |    1.90 |  55.24
   70 |  6 |  2.86 |    2.86 |  58.10
   71 |  4 |  1.90 |    1.90 |  60.00
   72 |  1 |  0.48 |    0.48 |  60.48
   73 |  2 |  0.95 |    0.95 |  61.43
   74 |  3 |  1.43 |    1.43 |  62.86
   75 |  4 |  1.90 |    1.90 |  64.76
   76 |  6 |  2.86 |    2.86 |  67.62
   78 | 13 |  6.19 |    6.19 |  73.81
   80 | 12 |  5.71 |    5.71 |  79.52
   82 |  8 |  3.81 |    3.81 |  83.33
   83 |  1 |  0.48 |    0.48 |  83.81
   84 |  2 |  0.95 |    0.95 |  84.76
   85 |  3 |  1.43 |    1.43 |  86.19
   86 |  1 |  0.48 |    0.48 |  86.67
   87 |  3 |  1.43 |    1.43 |  88.10
   88 |  1 |  0.48 |    0.48 |  88.57
   89 |  2 |  0.95 |    0.95 |  89.52
   90 | 22 | 10.48 |   10.48 | 100.00
 <NA> |  0 |  0.00 |    <NA> |   <NA>

$attention_deficit_hyperactivity_tscore
x <integer> 
# total N=210 valid N=210 mean=61.70 sd=8.68

Value |  N | Raw % | Valid % | Cum. %
-------------------------------------
   50 | 29 | 13.81 |   13.81 |  13.81
   51 | 12 |  5.71 |    5.71 |  19.52
   52 |  9 |  4.29 |    4.29 |  23.81
   53 |  5 |  2.38 |    2.38 |  26.19
   55 | 12 |  5.71 |    5.71 |  31.90
   56 |  6 |  2.86 |    2.86 |  34.76
   57 |  5 |  2.38 |    2.38 |  37.14
   58 |  5 |  2.38 |    2.38 |  39.52
   59 |  2 |  0.95 |    0.95 |  40.48
   60 | 12 |  5.71 |    5.71 |  46.19
   62 | 13 |  6.19 |    6.19 |  52.38
   63 | 11 |  5.24 |    5.24 |  57.62
   64 |  1 |  0.48 |    0.48 |  58.10
   65 |  3 |  1.43 |    1.43 |  59.52
   66 | 22 | 10.48 |   10.48 |  70.00
   67 |  3 |  1.43 |    1.43 |  71.43
   68 | 11 |  5.24 |    5.24 |  76.67
   69 | 11 |  5.24 |    5.24 |  81.90
   70 |  3 |  1.43 |    1.43 |  83.33
   72 |  9 |  4.29 |    4.29 |  87.62
   73 |  3 |  1.43 |    1.43 |  89.05
   74 |  1 |  0.48 |    0.48 |  89.52
   75 | 11 |  5.24 |    5.24 |  94.76
   76 |  2 |  0.95 |    0.95 |  95.71
   77 |  2 |  0.95 |    0.95 |  96.67
   78 |  3 |  1.43 |    1.43 |  98.10
   80 |  4 |  1.90 |    1.90 | 100.00
 <NA> |  0 |  0.00 |    <NA> |   <NA>

$cluster
x <integer> 
# total N=210 valid N=210 mean=0.57 sd=0.50

Value |   N | Raw % | Valid % | Cum. %
--------------------------------------
    0 |  90 | 42.86 |   42.86 |  42.86
    1 | 120 | 57.14 |   57.14 | 100.00
 <NA> |   0 |  0.00 |    <NA> |   <NA>

$age
x <numeric> 
# total N=210 valid N=210 mean=10.50 sd=3.32

Value | N | Raw % | Valid % | Cum. %
------------------------------------
 5.19 | 1 |  0.48 |    0.48 |   0.48
 5.32 | 1 |  0.48 |    0.48 |   0.95
 5.46 | 1 |  0.48 |    0.48 |   1.43
 5.54 | 1 |  0.48 |    0.48 |   1.90
 5.89 | 1 |  0.48 |    0.48 |   2.38
 5.90 | 1 |  0.48 |    0.48 |   2.86
 5.98 | 1 |  0.48 |    0.48 |   3.33
 6.01 | 1 |  0.48 |    0.48 |   3.81
 6.06 | 1 |  0.48 |    0.48 |   4.29
 6.07 | 1 |  0.48 |    0.48 |   4.76
 6.11 | 1 |  0.48 |    0.48 |   5.24
 6.11 | 1 |  0.48 |    0.48 |   5.71
 6.11 | 1 |  0.48 |    0.48 |   6.19
 6.12 | 1 |  0.48 |    0.48 |   6.67
 6.16 | 1 |  0.48 |    0.48 |   7.14
 6.23 | 1 |  0.48 |    0.48 |   7.62
 6.29 | 1 |  0.48 |    0.48 |   8.10
 6.32 | 1 |  0.48 |    0.48 |   8.57
 6.36 | 1 |  0.48 |    0.48 |   9.05
 6.47 | 1 |  0.48 |    0.48 |   9.52
 6.49 | 1 |  0.48 |    0.48 |  10.00
 6.50 | 2 |  0.95 |    0.95 |  10.95
 6.54 | 1 |  0.48 |    0.48 |  11.43
 6.56 | 1 |  0.48 |    0.48 |  11.90
 6.56 | 1 |  0.48 |    0.48 |  12.38
 6.58 | 1 |  0.48 |    0.48 |  12.86
 6.65 | 1 |  0.48 |    0.48 |  13.33
 6.73 | 2 |  0.95 |    0.95 |  14.29
 6.73 | 1 |  0.48 |    0.48 |  14.76
 6.75 | 1 |  0.48 |    0.48 |  15.24
 6.78 | 2 |  0.95 |    0.95 |  16.19
 6.86 | 1 |  0.48 |    0.48 |  16.67
 6.92 | 1 |  0.48 |    0.48 |  17.14
 7.01 | 1 |  0.48 |    0.48 |  17.62
 7.19 | 1 |  0.48 |    0.48 |  18.10
 7.22 | 1 |  0.48 |    0.48 |  18.57
 7.24 | 1 |  0.48 |    0.48 |  19.05
 7.30 | 1 |  0.48 |    0.48 |  19.52
 7.32 | 1 |  0.48 |    0.48 |  20.00
 7.35 | 1 |  0.48 |    0.48 |  20.48
 7.40 | 1 |  0.48 |    0.48 |  20.95
 7.46 | 1 |  0.48 |    0.48 |  21.43
 7.47 | 1 |  0.48 |    0.48 |  21.90
 7.49 | 1 |  0.48 |    0.48 |  22.38
 7.56 | 1 |  0.48 |    0.48 |  22.86
 7.62 | 1 |  0.48 |    0.48 |  23.33
 7.70 | 1 |  0.48 |    0.48 |  23.81
 7.71 | 1 |  0.48 |    0.48 |  24.29
 7.77 | 1 |  0.48 |    0.48 |  24.76
 7.78 | 1 |  0.48 |    0.48 |  25.24
 7.78 | 1 |  0.48 |    0.48 |  25.71
 7.80 | 1 |  0.48 |    0.48 |  26.19
 7.84 | 1 |  0.48 |    0.48 |  26.67
 7.94 | 1 |  0.48 |    0.48 |  27.14
 7.99 | 1 |  0.48 |    0.48 |  27.62
 8.07 | 1 |  0.48 |    0.48 |  28.10
 8.20 | 1 |  0.48 |    0.48 |  28.57
 8.24 | 1 |  0.48 |    0.48 |  29.05
 8.27 | 1 |  0.48 |    0.48 |  29.52
 8.29 | 1 |  0.48 |    0.48 |  30.00
 8.31 | 1 |  0.48 |    0.48 |  30.48
 8.32 | 1 |  0.48 |    0.48 |  30.95
 8.34 | 1 |  0.48 |    0.48 |  31.43
 8.36 | 1 |  0.48 |    0.48 |  31.90
 8.37 | 1 |  0.48 |    0.48 |  32.38
 8.39 | 1 |  0.48 |    0.48 |  32.86
 8.43 | 1 |  0.48 |    0.48 |  33.33
 8.44 | 1 |  0.48 |    0.48 |  33.81
 8.45 | 1 |  0.48 |    0.48 |  34.29
 8.47 | 1 |  0.48 |    0.48 |  34.76
 8.50 | 1 |  0.48 |    0.48 |  35.24
 8.59 | 1 |  0.48 |    0.48 |  35.71
 8.61 | 1 |  0.48 |    0.48 |  36.19
 8.66 | 1 |  0.48 |    0.48 |  36.67
 8.67 | 1 |  0.48 |    0.48 |  37.14
 8.71 | 1 |  0.48 |    0.48 |  37.62
 8.76 | 2 |  0.95 |    0.95 |  38.57
 8.77 | 1 |  0.48 |    0.48 |  39.05
 8.88 | 1 |  0.48 |    0.48 |  39.52
 8.94 | 1 |  0.48 |    0.48 |  40.00
 9.07 | 1 |  0.48 |    0.48 |  40.48
 9.09 | 1 |  0.48 |    0.48 |  40.95
 9.13 | 1 |  0.48 |    0.48 |  41.43
 9.14 | 1 |  0.48 |    0.48 |  41.90
 9.22 | 1 |  0.48 |    0.48 |  42.38
 9.26 | 1 |  0.48 |    0.48 |  42.86
 9.28 | 1 |  0.48 |    0.48 |  43.33
 9.37 | 1 |  0.48 |    0.48 |  43.81
 9.45 | 1 |  0.48 |    0.48 |  44.29
 9.47 | 1 |  0.48 |    0.48 |  44.76
 9.49 | 1 |  0.48 |    0.48 |  45.24
 9.56 | 1 |  0.48 |    0.48 |  45.71
 9.58 | 1 |  0.48 |    0.48 |  46.19
 9.67 | 1 |  0.48 |    0.48 |  46.67
 9.69 | 1 |  0.48 |    0.48 |  47.14
 9.74 | 1 |  0.48 |    0.48 |  47.62
 9.74 | 1 |  0.48 |    0.48 |  48.10
 9.96 | 1 |  0.48 |    0.48 |  48.57
10.03 | 1 |  0.48 |    0.48 |  49.05
10.04 | 1 |  0.48 |    0.48 |  49.52
10.11 | 1 |  0.48 |    0.48 |  50.00
10.20 | 1 |  0.48 |    0.48 |  50.48
10.21 | 1 |  0.48 |    0.48 |  50.95
10.23 | 1 |  0.48 |    0.48 |  51.43
10.25 | 1 |  0.48 |    0.48 |  51.90
10.27 | 1 |  0.48 |    0.48 |  52.38
10.27 | 1 |  0.48 |    0.48 |  52.86
10.30 | 1 |  0.48 |    0.48 |  53.33
10.31 | 1 |  0.48 |    0.48 |  53.81
10.32 | 1 |  0.48 |    0.48 |  54.29
10.46 | 1 |  0.48 |    0.48 |  54.76
10.49 | 1 |  0.48 |    0.48 |  55.24
10.54 | 1 |  0.48 |    0.48 |  55.71
10.55 | 1 |  0.48 |    0.48 |  56.19
10.61 | 1 |  0.48 |    0.48 |  56.67
10.63 | 1 |  0.48 |    0.48 |  57.14
10.75 | 1 |  0.48 |    0.48 |  57.62
10.75 | 1 |  0.48 |    0.48 |  58.10
10.76 | 1 |  0.48 |    0.48 |  58.57
10.89 | 1 |  0.48 |    0.48 |  59.05
10.93 | 1 |  0.48 |    0.48 |  59.52
10.94 | 1 |  0.48 |    0.48 |  60.00
10.95 | 1 |  0.48 |    0.48 |  60.48
11.09 | 1 |  0.48 |    0.48 |  60.95
11.16 | 1 |  0.48 |    0.48 |  61.43
11.19 | 1 |  0.48 |    0.48 |  61.90
11.20 | 1 |  0.48 |    0.48 |  62.38
11.20 | 1 |  0.48 |    0.48 |  62.86
11.21 | 1 |  0.48 |    0.48 |  63.33
11.22 | 1 |  0.48 |    0.48 |  63.81
11.30 | 1 |  0.48 |    0.48 |  64.29
11.31 | 1 |  0.48 |    0.48 |  64.76
11.40 | 1 |  0.48 |    0.48 |  65.24
11.57 | 1 |  0.48 |    0.48 |  65.71
11.65 | 1 |  0.48 |    0.48 |  66.19
11.66 | 1 |  0.48 |    0.48 |  66.67
11.82 | 1 |  0.48 |    0.48 |  67.14
12.05 | 1 |  0.48 |    0.48 |  67.62
12.14 | 1 |  0.48 |    0.48 |  68.10
12.16 | 1 |  0.48 |    0.48 |  68.57
12.17 | 1 |  0.48 |    0.48 |  69.05
12.21 | 1 |  0.48 |    0.48 |  69.52
12.22 | 1 |  0.48 |    0.48 |  70.00
12.26 | 1 |  0.48 |    0.48 |  70.48
12.32 | 1 |  0.48 |    0.48 |  70.95
12.36 | 1 |  0.48 |    0.48 |  71.43
12.47 | 1 |  0.48 |    0.48 |  71.90
12.60 | 1 |  0.48 |    0.48 |  72.38
12.67 | 1 |  0.48 |    0.48 |  72.86
12.71 | 1 |  0.48 |    0.48 |  73.33
12.80 | 1 |  0.48 |    0.48 |  73.81
12.81 | 1 |  0.48 |    0.48 |  74.29
12.87 | 1 |  0.48 |    0.48 |  74.76
12.88 | 1 |  0.48 |    0.48 |  75.24
12.93 | 1 |  0.48 |    0.48 |  75.71
13.00 | 2 |  0.95 |    0.95 |  76.67
13.01 | 1 |  0.48 |    0.48 |  77.14
13.25 | 1 |  0.48 |    0.48 |  77.62
13.28 | 1 |  0.48 |    0.48 |  78.10
13.29 | 1 |  0.48 |    0.48 |  78.57
13.37 | 1 |  0.48 |    0.48 |  79.05
13.58 | 1 |  0.48 |    0.48 |  79.52
13.63 | 1 |  0.48 |    0.48 |  80.00
13.66 | 1 |  0.48 |    0.48 |  80.48
13.70 | 1 |  0.48 |    0.48 |  80.95
13.76 | 1 |  0.48 |    0.48 |  81.43
13.80 | 1 |  0.48 |    0.48 |  81.90
14.01 | 1 |  0.48 |    0.48 |  82.38
14.06 | 2 |  0.95 |    0.95 |  83.33
14.12 | 1 |  0.48 |    0.48 |  83.81
14.29 | 1 |  0.48 |    0.48 |  84.29
14.45 | 1 |  0.48 |    0.48 |  84.76
14.56 | 1 |  0.48 |    0.48 |  85.24
14.64 | 1 |  0.48 |    0.48 |  85.71
14.68 | 1 |  0.48 |    0.48 |  86.19
14.74 | 1 |  0.48 |    0.48 |  86.67
14.80 | 1 |  0.48 |    0.48 |  87.14
14.98 | 1 |  0.48 |    0.48 |  87.62
15.06 | 1 |  0.48 |    0.48 |  88.10
15.10 | 1 |  0.48 |    0.48 |  88.57
15.20 | 1 |  0.48 |    0.48 |  89.05
15.29 | 1 |  0.48 |    0.48 |  89.52
15.38 | 1 |  0.48 |    0.48 |  90.00
15.51 | 1 |  0.48 |    0.48 |  90.48
15.53 | 1 |  0.48 |    0.48 |  90.95
15.80 | 1 |  0.48 |    0.48 |  91.43
16.04 | 1 |  0.48 |    0.48 |  91.90
16.07 | 1 |  0.48 |    0.48 |  92.38
16.22 | 1 |  0.48 |    0.48 |  92.86
16.27 | 1 |  0.48 |    0.48 |  93.33
16.52 | 1 |  0.48 |    0.48 |  93.81
16.72 | 1 |  0.48 |    0.48 |  94.29
16.76 | 1 |  0.48 |    0.48 |  94.76
16.91 | 1 |  0.48 |    0.48 |  95.24
17.02 | 1 |  0.48 |    0.48 |  95.71
17.03 | 2 |  0.95 |    0.95 |  96.67
17.19 | 1 |  0.48 |    0.48 |  97.14
17.33 | 1 |  0.48 |    0.48 |  97.62
17.33 | 1 |  0.48 |    0.48 |  98.10
17.41 | 1 |  0.48 |    0.48 |  98.57
17.91 | 1 |  0.48 |    0.48 |  99.05
17.93 | 1 |  0.48 |    0.48 |  99.52
17.97 | 1 |  0.48 |    0.48 | 100.00
 <NA> | 0 |  0.00 |    <NA> |   <NA>

$sex
x <character> 
# total N=210 valid N=210 mean=1.58 sd=0.50

Value |   N | Raw % | Valid % | Cum. %
--------------------------------------
F     |  89 | 42.38 |   42.38 |  42.38
M     | 121 | 57.62 |   57.62 | 100.00
<NA>  |   0 |  0.00 |    <NA> |   <NA>

$ASD
x <integer> 
# total N=210 valid N=189 mean=0.32 sd=0.47

Value |   N | Raw % | Valid % | Cum. %
--------------------------------------
    0 | 128 | 60.95 |   67.72 |  67.72
    1 |  61 | 29.05 |   32.28 | 100.00
 <NA> |  21 | 10.00 |    <NA> |   <NA>

$ASD_behavior
x <integer> 
# total N=210 valid N=90 mean=0.13 sd=0.34

Value |   N | Raw % | Valid % | Cum. %
--------------------------------------
    0 |  78 | 37.14 |   86.67 |  86.67
    1 |  12 |  5.71 |   13.33 | 100.00
 <NA> | 120 | 57.14 |    <NA> |   <NA>

$ADHD
x <integer> 
# total N=210 valid N=189 mean=0.49 sd=0.50

Value |  N | Raw % | Valid % | Cum. %
-------------------------------------
    0 | 97 | 46.19 |   51.32 |  51.32
    1 | 92 | 43.81 |   48.68 | 100.00
 <NA> | 21 | 10.00 |    <NA> |   <NA>

$No.ASD.ADHD
x <integer> 
# total N=210 valid N=210 mean=0.38 sd=0.49

Value |   N | Raw % | Valid % | Cum. %
--------------------------------------
    0 | 130 | 61.90 |   61.90 |  61.90
    1 |  80 | 38.10 |   38.10 | 100.00
 <NA> |   0 |  0.00 |    <NA> |   <NA>

$IQ
x <integer> 
# total N=210 valid N=158 mean=89.27 sd=21.12

Value |  N | Raw % | Valid % | Cum. %
-------------------------------------
   30 |  1 |  0.48 |    0.63 |   0.63
   42 |  1 |  0.48 |    0.63 |   1.27
   45 |  2 |  0.95 |    1.27 |   2.53
   47 |  1 |  0.48 |    0.63 |   3.16
   51 |  1 |  0.48 |    0.63 |   3.80
   54 |  1 |  0.48 |    0.63 |   4.43
   55 |  1 |  0.48 |    0.63 |   5.06
   58 |  2 |  0.95 |    1.27 |   6.33
   59 |  2 |  0.95 |    1.27 |   7.59
   60 |  1 |  0.48 |    0.63 |   8.23
   61 |  2 |  0.95 |    1.27 |   9.49
   62 |  4 |  1.90 |    2.53 |  12.03
   64 |  2 |  0.95 |    1.27 |  13.29
   65 |  2 |  0.95 |    1.27 |  14.56
   66 |  2 |  0.95 |    1.27 |  15.82
   67 |  1 |  0.48 |    0.63 |  16.46
   68 |  1 |  0.48 |    0.63 |  17.09
   69 |  2 |  0.95 |    1.27 |  18.35
   70 |  5 |  2.38 |    3.16 |  21.52
   71 |  3 |  1.43 |    1.90 |  23.42
   72 |  2 |  0.95 |    1.27 |  24.68
   73 |  2 |  0.95 |    1.27 |  25.95
   74 |  3 |  1.43 |    1.90 |  27.85
   75 |  2 |  0.95 |    1.27 |  29.11
   76 |  1 |  0.48 |    0.63 |  29.75
   77 |  1 |  0.48 |    0.63 |  30.38
   78 |  4 |  1.90 |    2.53 |  32.91
   79 |  1 |  0.48 |    0.63 |  33.54
   80 |  2 |  0.95 |    1.27 |  34.81
   81 |  3 |  1.43 |    1.90 |  36.71
   82 |  2 |  0.95 |    1.27 |  37.97
   83 |  3 |  1.43 |    1.90 |  39.87
   84 |  2 |  0.95 |    1.27 |  41.14
   85 |  2 |  0.95 |    1.27 |  42.41
   86 |  2 |  0.95 |    1.27 |  43.67
   87 |  4 |  1.90 |    2.53 |  46.20
   88 |  2 |  0.95 |    1.27 |  47.47
   89 |  4 |  1.90 |    2.53 |  50.00
   91 |  1 |  0.48 |    0.63 |  50.63
   92 |  7 |  3.33 |    4.43 |  55.06
   93 |  2 |  0.95 |    1.27 |  56.33
   94 |  2 |  0.95 |    1.27 |  57.59
   95 |  4 |  1.90 |    2.53 |  60.13
   96 |  1 |  0.48 |    0.63 |  60.76
   97 |  3 |  1.43 |    1.90 |  62.66
   98 |  3 |  1.43 |    1.90 |  64.56
   99 |  2 |  0.95 |    1.27 |  65.82
  100 |  3 |  1.43 |    1.90 |  67.72
  101 |  3 |  1.43 |    1.90 |  69.62
  103 |  1 |  0.48 |    0.63 |  70.25
  104 |  4 |  1.90 |    2.53 |  72.78
  105 |  2 |  0.95 |    1.27 |  74.05
  106 |  2 |  0.95 |    1.27 |  75.32
  107 |  2 |  0.95 |    1.27 |  76.58
  108 |  2 |  0.95 |    1.27 |  77.85
  109 |  4 |  1.90 |    2.53 |  80.38
  110 |  3 |  1.43 |    1.90 |  82.28
  111 |  2 |  0.95 |    1.27 |  83.54
  112 |  4 |  1.90 |    2.53 |  86.08
  113 |  2 |  0.95 |    1.27 |  87.34
  115 |  2 |  0.95 |    1.27 |  88.61
  116 |  3 |  1.43 |    1.90 |  90.51
  117 |  1 |  0.48 |    0.63 |  91.14
  118 |  1 |  0.48 |    0.63 |  91.77
  120 |  2 |  0.95 |    1.27 |  93.04
  121 |  3 |  1.43 |    1.90 |  94.94
  123 |  2 |  0.95 |    1.27 |  96.20
  124 |  1 |  0.48 |    0.63 |  96.84
  126 |  2 |  0.95 |    1.27 |  98.10
  128 |  1 |  0.48 |    0.63 |  98.73
  132 |  2 |  0.95 |    1.27 | 100.00
 <NA> | 52 | 24.76 |    <NA> |   <NA>

$highest_education_level
x <character> 
# total N=210 valid N=210 mean=7.83 sd=4.66

Value                                                         |  N | Raw % | Valid % | Cum. %
---------------------------------------------------------------------------------------------
                                                              |  8 |  3.81 |    3.81 |   3.81
Apprenticeship or other trades certificate or diploma         | 13 |  6.19 |    6.19 |  10.00
Apprenticeship, vocational education or training              | 11 |  5.24 |    5.24 |  15.24
Bachelor                                                      | 24 | 11.43 |   11.43 |  26.67
Bachelor's degree                                             | 34 | 16.19 |   16.19 |  42.86
College, CEGEP or other non-university certificate or diploma | 24 | 11.43 |   11.43 |  54.29
Completed high school or baccalaureate (18 years old)         | 13 |  6.19 |    6.19 |  60.48
Completed mandatory school (15 years old)                     |  7 |  3.33 |    3.33 |  63.81
Doctorate                                                     |  6 |  2.86 |    2.86 |  66.67
Elementary school or less                                     |  4 |  1.90 |    1.90 |  68.57
High school diploma or certificate                            |  5 |  2.38 |    2.38 |  70.95
Master                                                        |  8 |  3.81 |    3.81 |  74.76
Master's degree                                               |  9 |  4.29 |    4.29 |  79.05
Non-applicable (Child still in school)                        | 23 | 10.95 |   10.95 |  90.00
Other                                                         |  5 |  2.38 |    2.38 |  92.38
Some high school                                              | 11 |  5.24 |    5.24 |  97.62
Special education                                             |  5 |  2.38 |    2.38 | 100.00
<NA>                                                          |  0 |  0.00 |    <NA> |   <NA>

$family_ethnicity
x <character> 
# total N=210 valid N=210 mean=24.54 sd=13.38

Value                                            |  N | Raw % | Valid % | Cum. %
--------------------------------------------------------------------------------
                                                 | 12 |  5.71 |    5.71 |   5.71
Africain                                         |  1 |  0.48 |    0.48 |   6.19
Algérie                                          |  4 |  1.90 |    1.90 |   8.10
Amérindien/CF                                    |  1 |  0.48 |    0.48 |   8.57
Arab                                             |  1 |  0.48 |    0.48 |   9.05
Black                                            |  5 |  2.38 |    2.38 |  11.43
Brésil/CF                                        |  1 |  0.48 |    0.48 |  11.90
Caucasian                                        |  2 |  0.95 |    0.95 |  12.86
Caucasien                                        |  2 |  0.95 |    0.95 |  13.81
Caucasien/latin                                  |  1 |  0.48 |    0.48 |  14.29
Caucasien/Latino                                 |  1 |  0.48 |    0.48 |  14.76
Caucasienne                                      |  1 |  0.48 |    0.48 |  15.24
CF                                               | 47 | 22.38 |   22.38 |  37.62
CF/Espagne                                       |  1 |  0.48 |    0.48 |  38.10
CF/portugal                                      |  1 |  0.48 |    0.48 |  38.57
Chine                                            |  2 |  0.95 |    0.95 |  39.52
Chinese                                          |  1 |  0.48 |    0.48 |  40.00
France/CF                                        |  2 |  0.95 |    0.95 |  40.95
French Canadian                                  |  9 |  4.29 |    4.29 |  45.24
French Canadian/European                         |  1 |  0.48 |    0.48 |  45.71
French Canadien                                  |  1 |  0.48 |    0.48 |  46.19
Grec/CF                                          |  1 |  0.48 |    0.48 |  46.67
Haiti                                            |  3 |  1.43 |    1.43 |  48.10
Ile Marice                                       |  1 |  0.48 |    0.48 |  48.57
Indigenous, White_Caucasian                      |  1 |  0.48 |    0.48 |  49.05
Italie/CF                                        |  1 |  0.48 |    0.48 |  49.52
Italie/Mexique                                   |  1 |  0.48 |    0.48 |  50.00
Latin_American                                   |  3 |  1.43 |    1.43 |  51.43
Latin_American, Southeast_Asian, White_Caucasian |  1 |  0.48 |    0.48 |  51.90
Moyen-Orient                                     |  1 |  0.48 |    0.48 |  52.38
Other_ethnicity                                  |  2 |  0.95 |    0.95 |  53.33
Portugais                                        |  1 |  0.48 |    0.48 |  53.81
Portugal/France                                  |  1 |  0.48 |    0.48 |  54.29
Roumanie/Espagne                                 |  1 |  0.48 |    0.48 |  54.76
Southeast_Asian                                  |  1 |  0.48 |    0.48 |  55.24
Unknown                                          | 14 |  6.67 |    6.67 |  61.90
West_Asian                                       |  1 |  0.48 |    0.48 |  62.38
White_Caucasian                                  | 76 | 36.19 |   36.19 |  98.57
White_Caucasian, Other_ethnicity                 |  3 |  1.43 |    1.43 | 100.00
<NA>                                             |  0 |  0.00 |    <NA> |   <NA>

